// Passive parameters
PARAM_g_pas=7.48061e-06
PARAM_Ra=94.8394
PARAM_cm=0.305748
PARAM_e_pas=-69.1678
