// Passive parameters
PARAM_g_pas=7.480611878e-06
PARAM_e_pas=-69.16781242
PARAM_Ra=94.83941635
PARAM_cm=0.3057478028

// Ih parameters
PARAM_Ih_eh = -25.2203
PARAM_Ih_v_half = -111.27
PARAM_Ih_k = 6.883

// Ih distribution variable 
PARAM_Ih_Gh_tot = 2.6291
PARAM_H_dist = 0

PARAM_Ih_t1 = 35.09
PARAM_Ih_t2 = 0.2453
PARAM_Ih_t3 = 4.277 // -4.277
PARAM_Ih_t4 = 0.08846
PARAM_Ih_t5 = 69.72

PARAM_H_dist = 1250
PARAM_Gh = 1.06309e-05
